Elapsed time is 0.611384 seconds.

Time spent in planning is 0.120000 seconds.

Average reward over 200 loop(s)
ra =

    0.5830


Standard deviation of reward
rd =

    0.3109


Count for each priority group
ss =

        2008        1164
        5950        3445
       12042        6929


Success rate for each priority group
sr =

    0.5797
    0.5790
    0.5754
