Elapsed time is 1.070168 seconds.

Time spent in planning is 0.130000 seconds.

Average reward over 200 loop(s)
ra =

    0.7299


Standard deviation of reward
rd =

    0.2956


Count for each priority group
ss =

        1957        1480
        6038        4387
       12005        8430


Success rate for each priority group
sr =

    0.7563
    0.7266
    0.7022

