Elapsed time is 1.309335 seconds.

Time spent in planning is 0.120000 seconds.

Average reward over 200 loop(s)
ra =

    0.7125


Standard deviation of reward
rd =

    0.2999


Count for each priority group
ss =

        1988        1422
        5950        4214
       12062        8314


Success rate for each priority group
sr =

    0.7153
    0.7082
    0.6893

