Elapsed time is 0.925135 seconds.

Time spent in planning is 0.220000 seconds.

Average reward over 200 loop(s)
ra =

    0.6409


Standard deviation of reward
rd =

    0.3097


Count for each priority group
ss =

        2008        1354
        5950        3873
       12042        7212


Success rate for each priority group
sr =

    0.6743
    0.6509
    0.5989
