Elapsed time is 2.495749 seconds.

Time spent in planning is 0.340000 seconds.

Average reward over 200 loop(s)
ra =

    0.7623


Standard deviation of reward
rd =

    0.2920


Count for each priority group
ss =

        2040        1549
        5968        4506
       11992        8957


Success rate for each priority group
sr =

    0.7593
    0.7550
    0.7469
