Elapsed time is 0.601835 seconds.

Time spent in planning is 0.080000 seconds.

Average reward over 200 loop(s)
ra =

    0.5460


Standard deviation of reward
rd =

    0.2435


Count for each priority group
ss =

        2020        1090
        5886        3141
       12094        6588


Success rate for each priority group
sr =

    0.5396
    0.5336
    0.5447
